header: 
  seq: 1240
  stamp: 
    secs: 124
    nsecs: 400000000
  frame_id: "sonar_link"
radiation_type: 0
field_of_view: 0.6981319785118103
min_range: 0.029999999329447746
max_range: 3.0
range: 0.16347768902778625

tipo de mensaje = sensor_msgs/Range